import numpy as np

normalized_cov = np.array(
    [
        [
            2.16950221e00,
            1.57488851e00,
            1.69531006e00,
            1.57488851e00,
            8.00736022e-01,
            1.92018215e00,
            1.54265628e00,
            1.69531006e00,
            0.00000000e00,
            0.00000000e00,
            0.00000000e00,
            0.00000000e00,
            0.00000000e00,
            0.00000000e00,
            0.00000000e00,
            0.00000000e00,
        ],
        [
            1.57488851e00,
            3.96125881e00,
            1.87445532e00,
            1.87840738e00,
            1.53166904e00,
            2.57190258e00,
            2.13614431e00,
            2.64658087e00,
            0.00000000e00,
            0.00000000e00,
            0.00000000e00,
            0.00000000e00,
            0.00000000e00,
            0.00000000e00,
            0.00000000e00,
            0.00000000e00,
        ],
        [
            1.69531006e00,
            1.87445532e00,
            3.32268930e00,
            2.64658087e00,
            1.05168585e00,
            2.35433881e00,
            1.64200075e00,
            1.61574257e00,
            0.00000000e00,
            0.00000000e00,
            0.00000000e00,
            0.00000000e00,
            0.00000000e00,
            0.00000000e00,
            0.00000000e00,
            0.00000000e00,
        ],
        [
            1.57488851e00,
            1.87840738e00,
            2.64658087e00,
            3.96125881e00,
            1.53166904e00,
            2.57190258e00,
            2.13614431e00,
            1.87445532e00,
            0.00000000e00,
            0.00000000e00,
            0.00000000e00,
            0.00000000e00,
            0.00000000e00,
            0.00000000e00,
            0.00000000e00,
            0.00000000e00,
        ],
        [
            8.00736022e-01,
            1.53166904e00,
            1.05168585e00,
            1.53166904e00,
            1.75170816e00,
            1.24727699e00,
            1.34178461e00,
            1.05168585e00,
            0.00000000e00,
            0.00000000e00,
            0.00000000e00,
            0.00000000e00,
            0.00000000e00,
            0.00000000e00,
            0.00000000e00,
            0.00000000e00,
        ],
        [
            1.92018215e00,
            2.57190258e00,
            2.35433881e00,
            2.57190258e00,
            1.24727699e00,
            3.37845275e00,
            2.16542525e00,
            2.35433881e00,
            0.00000000e00,
            0.00000000e00,
            0.00000000e00,
            0.00000000e00,
            0.00000000e00,
            0.00000000e00,
            0.00000000e00,
            0.00000000e00,
        ],
        [
            1.54265628e00,
            2.13614431e00,
            1.64200075e00,
            2.13614431e00,
            1.34178461e00,
            2.16542525e00,
            2.59077064e00,
            1.64200075e00,
            0.00000000e00,
            0.00000000e00,
            0.00000000e00,
            0.00000000e00,
            0.00000000e00,
            0.00000000e00,
            0.00000000e00,
            0.00000000e00,
        ],
        [
            1.69531006e00,
            2.64658087e00,
            1.61574257e00,
            1.87445532e00,
            1.05168585e00,
            2.35433881e00,
            1.64200075e00,
            3.32268930e00,
            0.00000000e00,
            0.00000000e00,
            0.00000000e00,
            0.00000000e00,
            0.00000000e00,
            0.00000000e00,
            0.00000000e00,
            0.00000000e00,
        ],
        [
            0.00000000e00,
            0.00000000e00,
            0.00000000e00,
            0.00000000e00,
            0.00000000e00,
            0.00000000e00,
            0.00000000e00,
            0.00000000e00,
            1.23112042e00,
            1.97199541e-01,
            -3.44596020e-01,
            1.97199541e-01,
            1.58189729e-03,
            -2.61539072e-01,
            -4.03669237e-01,
            -3.44596020e-01,
        ],
        [
            0.00000000e00,
            0.00000000e00,
            0.00000000e00,
            0.00000000e00,
            0.00000000e00,
            0.00000000e00,
            0.00000000e00,
            0.00000000e00,
            1.97199541e-01,
            6.84702249e-01,
            -3.13448508e-02,
            4.51860459e-01,
            -3.12801427e-01,
            -2.42408837e-01,
            -3.03499390e-01,
            -5.78365833e-01,
        ],
        [
            0.00000000e00,
            0.00000000e00,
            0.00000000e00,
            0.00000000e00,
            0.00000000e00,
            0.00000000e00,
            0.00000000e00,
            0.00000000e00,
            -3.44596020e-01,
            -3.13448508e-02,
            7.74861794e-01,
            -5.78365833e-01,
            7.19690035e-02,
            -2.19145022e-01,
            1.87961520e-01,
            2.75706115e-01,
        ],
        [
            0.00000000e00,
            0.00000000e00,
            0.00000000e00,
            0.00000000e00,
            0.00000000e00,
            0.00000000e00,
            0.00000000e00,
            0.00000000e00,
            1.97199541e-01,
            4.51860459e-01,
            -5.78365833e-01,
            6.84702249e-01,
            -3.12801427e-01,
            -2.42408837e-01,
            -3.03499390e-01,
            -3.13448508e-02,
        ],
        [
            0.00000000e00,
            0.00000000e00,
            0.00000000e00,
            0.00000000e00,
            0.00000000e00,
            0.00000000e00,
            0.00000000e00,
            0.00000000e00,
            1.58189729e-03,
            -3.12801427e-01,
            7.19690035e-02,
            -3.12801427e-01,
            1.15513490e00,
            1.30302788e-01,
            -2.83510951e-01,
            7.19690035e-02,
        ],
        [
            0.00000000e00,
            0.00000000e00,
            0.00000000e00,
            0.00000000e00,
            0.00000000e00,
            0.00000000e00,
            0.00000000e00,
            0.00000000e00,
            -2.61539072e-01,
            -2.42408837e-01,
            -2.19145022e-01,
            -2.42408837e-01,
            1.30302788e-01,
            1.24972449e00,
            -2.78776226e-01,
            -2.19145022e-01,
        ],
        [
            0.00000000e00,
            0.00000000e00,
            0.00000000e00,
            0.00000000e00,
            0.00000000e00,
            0.00000000e00,
            0.00000000e00,
            0.00000000e00,
            -4.03669237e-01,
            -3.03499390e-01,
            1.87961520e-01,
            -3.03499390e-01,
            -2.83510951e-01,
            -2.78776226e-01,
            1.26841551e00,
            1.87961520e-01,
        ],
        [
            0.00000000e00,
            0.00000000e00,
            0.00000000e00,
            0.00000000e00,
            0.00000000e00,
            0.00000000e00,
            0.00000000e00,
            0.00000000e00,
            -3.44596020e-01,
            -5.78365833e-01,
            2.75706115e-01,
            -3.13448508e-02,
            7.19690035e-02,
            -2.19145022e-01,
            1.87961520e-01,
            7.74861794e-01,
        ],
    ]
)

import piquasso as pq
connector = pq.NumpyConnector()

from piquasso._math.decompositions import williamson
from piquasso._math.symplectic import is_symplectic, xp_symplectic_form

S, D = williamson(normalized_cov, connector)

assert is_symplectic(S, form_func=xp_symplectic_form)

print(np.linalg.eigvals(S @ S.T + np.identity(len(S))))
